938 2000 5000 5 Melee
19920 500 2000 5 Range
8871 40000 55500 5 Range
20519 60000 90000 5 Range
18991 50000 65000 5 Melee
19082 35000 55000 5 Melee
20656 60000 70000 5 Magic
21022 100000 150000 5 Magic
21034 100000 150000 5 Range
2545 200000 700000 5 Magic
21026 800000 1000000 5 Melee
21048 900000 2000000 5 Magic
21071 800000 1000000 5 Melee
13080 120000 240000 5 Magic
13081 1000000 1200000 5 Melee
13084 1000000 1500000 5 Magic
13083 1500000 1800000 5 Melee
3510 10000000 20000000 8 Magic
3525 10000000 20000000 8 Magic
13023 10000000 20000000 8 Magic